wl,n
1.999965,1.333523
2.019832,1.344924
2.039697,1.357032
2.059956,1.363632
2.079787,1.366650
2.099578,1.369976
2.119750,1.376667
2.139871,1.383447
2.159928,1.390119
2.179907,1.396364
2.199792,1.401048
2.219567,1.404139
2.239701,1.408610
2.259712,1.412917
2.279582,1.416836
2.299804,1.416437
2.319870,1.415781
2.339760,1.419396
2.359995,1.423174
2.379490,1.426087
2.399865,1.428584
2.419463,1.430832
2.439957,1.434880
2.459634,1.439319
2.479631,1.440385
2.499956,1.441203
2.519392,1.443345
2.539754,1.446169
2.559817,1.448115
2.579557,1.449565
2.599603,1.450272
2.619964,1.451346
2.639973,1.451893
2.659609,1.453682
2.679539,1.455682
2.699770,1.456850
2.719595,1.457453
2.739714,1.458587
2.759398,1.460138
2.779367,1.460482
2.799627,1.460454
2.819417,1.460768
2.839490,1.460683
2.859850,1.461170
2.879705,1.463230
2.899837,1.464212
2.919430,1.464274
2.939290,1.464026
2.959423,1.464198
2.979833,1.464924
2.999657,1.465281
3.019749,1.465458
3.039220,1.465382
3.059845,1.466809
3.079839,1.467412
3.099168,1.466981
3.119680,1.465299
3.139514,1.464470
3.159603,1.463889
3.179950,1.462965
3.199573,1.461914
3.219440,1.460827
3.239556,1.459026
3.259923,1.455046
3.279512,1.450959
3.299337,1.447082
3.319404,1.440126
3.339716,1.427394
3.359189,1.410867
3.379993,1.384347
3.399940,1.371296
3.418996,1.425377
3.439408,1.547356
3.458911,1.563162
3.479804,1.523963
3.499770,1.532920
3.519965,1.582231
3.539187,1.583823
3.559841,1.557092
3.579502,1.543970
3.599382,1.537133
3.619482,1.531742
3.639810,1.527536
3.659074,1.525227
3.679850,1.524120
3.699542,1.522738
3.719447,1.521141
3.739566,1.519640
3.759905,1.518512
3.779088,1.517967
3.799860,1.517261
3.819453,1.516636
3.839251,1.516285
3.859255,1.515486
3.879468,1.515308
3.899893,1.515824
3.919054,1.515725
3.939901,1.515588
3.959457,1.515865
3.979208,1.515973
3.999159,1.515443
4.019309,1.514856
4.039663,1.514847
4.058638,1.515059
4.079393,1.514815
4.098742,1.514630
4.119911,1.514251
4.139647,1.513606
4.159573,1.513716
4.179692,1.514739
4.198306,1.515949
4.218802,1.515584
4.239500,1.514701
4.258652,1.514534
4.279743,1.514790
4.299261,1.515192
4.318957,1.515938
4.338835,1.515991
4.358898,1.515697
4.379145,1.515515
4.399582,1.515417
4.418329,1.515719
4.439133,1.516322
4.458219,1.516193
4.479404,1.516117
4.498836,1.515928
4.518438,1.515698
4.538214,1.515920
4.558161,1.516606
4.578285,1.517263
4.598589,1.517246
4.619072,1.517122
4.639740,1.517774
4.658497,1.517816
4.679521,1.517115
4.698603,1.516847
4.719989,1.517139
4.739404,1.517731
4.758979,1.517749
4.778717,1.517320
4.798619,1.516571
4.818687,1.516840
4.838927,1.518108
4.859332,1.519123
4.879913,1.518927
4.898354,1.518719
4.919267,1.519746
4.938008,1.520595
4.959262,1.520665
4.978310,1.520472
4.999913,1.520495
5.019271,1.521702
5.038784,1.521853
5.058448,1.521615
5.078264,1.521538
5.098238,1.521163
5.118370,1.521035
5.138662,1.521434
5.159112,1.521213
5.179729,1.521710
5.197902,1.522582
5.218831,1.523174
5.239928,1.522900
5.258528,1.522997
5.279948,1.523722
5.298833,1.524213
5.317853,1.524114
5.339761,1.524832
5.359080,1.525046
5.378536,1.524138
5.398134,1.523564
5.417878,1.524024
5.437765,1.523676
5.457797,1.523758
5.477981,1.524619
5.498312,1.524891
5.518794,1.524488
5.539433,1.524845
5.557244,1.525459
5.578169,1.525619
5.599255,1.525219
5.617454,1.525486
5.638835,1.525282
5.657293,1.525000
5.678979,1.525973
5.697701,1.526245
5.719701,1.526386
5.738693,1.526539
5.757811,1.527148
5.777058,1.527764
5.799673,1.527810
5.819201,1.526995
5.838860,1.526097
5.858653,1.525738
5.878580,1.525077
5.898644,1.524693
5.918844,1.524617
5.939184,1.525829
5.959664,1.526292
5.976840,1.526505
5.997581,1.527027
6.018466,1.528129
6.039497,1.528566
6.057137,1.528113
6.078440,1.527968
6.099893,1.526983
6.117884,1.525812
6.139617,1.524911
6.157848,1.524926
6.179866,1.526205
6.198337,1.526078
6.216918,1.525998
6.239362,1.526780
6.258186,1.524448
6.277129,1.523654
6.296186,1.523738
6.319207,1.525563
6.338517,1.526667
6.357950,1.526880
6.377502,1.527405
6.397171,1.527445
6.416965,1.526361
6.436883,1.524904
6.456924,1.525010
6.477087,1.524288
6.497380,1.523363
6.517800,1.523863
6.538345,1.524067
6.559024,1.523609
6.579835,1.521997
6.596576,1.520289
6.617626,1.519277
6.638806,1.518256
6.655853,1.516330
6.677279,1.514237
6.698848,1.511263
6.716201,1.507546
6.738022,1.500805
6.759986,1.489327
6.777658,1.484463
6.799881,1.494153
6.817762,1.512140
6.835737,1.538224
6.858344,1.563647
6.876539,1.564276
6.899411,1.558579
6.917825,1.555691
6.936333,1.553286
6.959611,1.550696
6.978343,1.549753
6.997176,1.550368
7.016116,1.549214
7.039928,1.547434
7.059101,1.546002
7.078373,1.543808
7.097751,1.540674
7.117240,1.538220
7.136832,1.537999
7.156531,1.539437
7.176345,1.539341
7.196264,1.536764
7.216293,1.533922
7.236440,1.532823
7.256694,1.536034
7.277067,1.539844
7.297550,1.541673
7.318148,1.542164
7.338868,1.542863
7.359700,1.542048
7.375404,1.541687
7.396444,1.543771
7.417611,1.544812
7.438893,1.542521
7.454937,1.541763
7.476434,1.542659
7.498062,1.543228
7.519809,1.541304
7.536204,1.541090
7.558173,1.541259
7.574736,1.541224
7.596937,1.539127
7.619262,1.538646
7.636094,1.538466
7.658651,1.538539
7.675663,1.539677
7.698455,1.541121
7.715639,1.541789
7.738668,1.542096
7.756032,1.542507
7.779310,1.543404
7.796858,1.542794
7.814484,1.541422
7.838109,1.539956
7.855922,1.539952
7.879798,1.540545
7.897802,1.541757
7.915889,1.542029
7.934058,1.541268
7.958419,1.539931
7.976784,1.539229
7.995235,1.539837
8.019967,1.540177
8.038618,1.539304
8.057355,1.538601
8.076181,1.538811
8.095095,1.538844
8.114097,1.538923
8.139571,1.538199
8.158790,1.537565
8.178086,1.537441
8.197487,1.537986
8.216967,1.539447
8.236554,1.540509
8.256220,1.540555
8.275994,1.539978
8.295850,1.537971
8.315815,1.536551
8.335869,1.536655
8.356020,1.536945
8.376269,1.536391
8.396616,1.535435
8.417062,1.535406
8.437608,1.535785
8.458255,1.536927
8.479003,1.537799
8.499853,1.540818
8.513805,1.541832
8.534826,1.541525
8.555952,1.538773
8.577183,1.537986
8.598519,1.538878
8.619961,1.540119
8.634318,1.540116
8.655940,1.538157
8.677671,1.537579
8.699510,1.537312
8.714134,1.537338
8.736158,1.538910
8.758293,1.538180
8.773107,1.536167
8.795438,1.535223
8.817868,1.536799
8.832892,1.537777
8.855521,1.539884
8.878267,1.541889
8.893498,1.542325
8.916439,1.542100
8.939498,1.541322
8.954941,1.540054
8.978200,1.538938
8.993768,1.537937
9.017230,1.538950
9.032942,1.539741
9.056609,1.542067
9.072459,1.545032
9.096334,1.545372
9.112315,1.544547
9.136400,1.543833
9.152531,1.542784
9.176829,1.542236
9.193103,1.542644
9.217618,1.541072
9.234028,1.538983
9.258762,1.538274
9.275328,1.538870
9.291953,1.540897
9.316999,1.542895
9.333765,1.542576
9.359037,1.539289
9.375964,1.537289
9.392952,1.537129
9.418546,1.540297
9.435680,1.542214
9.452886,1.541525
9.478808,1.539738
9.496171,1.540945
9.513589,1.542739
9.539855,1.538881
9.557433,1.539074
9.575086,1.541895
9.592805,1.543700
9.619501,1.539033
9.637375,1.539793
9.655324,1.539740
9.673341,1.538858
9.691416,1.538869
9.718664,1.541811
9.736918,1.542570
9.755241,1.543843
9.773623,1.544731
9.792085,1.541981
9.819903,1.539920
9.838540,1.540688
9.857238,1.542076
9.876016,1.542876
9.894867,1.541807
9.913780,1.539386
9.932775,1.539425
9.951843,1.540499
9.970974,1.540565
9.999820,1.542173
10.019150,1.543404
10.038550,1.543701
10.058010,1.542605
10.077570,1.541396
10.097200,1.538729
10.116890,1.538145
10.136670,1.539844
10.156530,1.537774
10.176460,1.537505
10.196480,1.543108
10.216570,1.547875
10.236730,1.544993
10.256990,1.541041
10.277320,1.539747
10.297730,1.541110
10.318220,1.543080
10.338800,1.542641
10.359450,1.542242
10.369820,1.541581
10.390590,1.541486
10.411460,1.543015
10.432410,1.542977
10.453440,1.542546
10.474560,1.545178
10.495770,1.546223
10.517060,1.543624
10.538430,1.541367
10.559900,1.542061
10.570660,1.543403
10.592260,1.546102
10.613940,1.545778
10.635710,1.544665
10.657570,1.541622
10.679530,1.542913
10.690530,1.544224
10.712630,1.545789
10.734800,1.547385
10.757070,1.543492
10.779440,1.540609
10.790650,1.540577
10.813160,1.543384
10.835750,1.545648
10.858450,1.544640
10.869830,1.544151
10.892660,1.543696
10.915600,1.540736
10.938620,1.537060
10.950180,1.536745
10.973350,1.543624
10.996620,1.547070
11.020000,1.540918
11.031720,1.539470
11.055250,1.539798
11.078860,1.537343
11.090720,1.538265
11.114480,1.540766
11.138360,1.542067
11.150340,1.541666
11.174370,1.542448
11.198510,1.546389
11.210610,1.546484
11.234910,1.541606
11.259300,1.541156
11.271540,1.544477
11.296090,1.551206
11.308420,1.551150
11.333130,1.544630
11.357960,1.541158
11.370410,1.544156
11.395400,1.550529
11.407930,1.551735
11.433090,1.549803
11.458360,1.548955
11.471030,1.548477
11.496470,1.545337
11.509230,1.543543
11.534840,1.542151
11.547680,1.544239
11.573460,1.550037
11.599350,1.548744
11.612340,1.548899
11.638410,1.548240
11.651480,1.547915
11.677730,1.545721
11.690890,1.544860
11.717310,1.547475
11.730560,1.548330
11.757170,1.547257
11.770510,1.543179
11.797290,1.540349
11.810730,1.543871
11.837700,1.547926
11.851220,1.549613
11.878370,1.548218
11.891990,1.546808
11.919330,1.545810
11.933050,1.545642
11.946790,1.545001
11.974380,1.544447
11.988220,1.544458
12.016010,1.542921
12.029940,1.542809
12.057930,1.542073
12.071960,1.542486
12.086040,1.549266
12.114270,1.550542
12.128450,1.552165
12.156870,1.555822
12.171150,1.555911
12.199780,1.549581
12.214160,1.547148
12.228560,1.543411
12.257470,1.535676

wl,k
1.999965,0.000000
2.019832,0.000000
2.039697,0.000000
2.059956,0.000000
2.079787,0.000000
2.099578,0.000000
2.119750,0.000000
2.139871,0.000000
2.159928,0.000000
2.179907,0.000000
2.199792,0.000000
2.219567,0.000000
2.239701,0.000000
2.259712,0.000000
2.279582,0.000000
2.299804,0.000000
2.319870,0.000000
2.339760,0.000000
2.359995,0.000000
2.379490,0.000000
2.399865,0.000000
2.419463,0.000000
2.439957,0.000000
2.459634,0.000000
2.479631,0.000000
2.499956,0.000000
2.519392,0.000000
2.539754,0.000000
2.559817,0.000000
2.579557,0.000000
2.599603,0.000000
2.619964,0.000000
2.639973,0.000000
2.659609,0.000000
2.679539,0.000000
2.699770,0.000000
2.719595,0.000000
2.739714,0.000000
2.759398,0.000000
2.779367,0.000000
2.799627,0.000000
2.819417,0.000000
2.839490,0.000000
2.859850,0.000000
2.879705,0.000000
2.899837,0.000234
2.919430,0.000172
2.939290,0.000000
2.959423,0.000000
2.979833,0.000000
2.999657,0.000266
3.019749,0.000691
3.039220,0.000124
3.059845,0.000813
3.079839,0.002114
3.099168,0.002600
3.119680,0.001769
3.139514,0.002257
3.159603,0.002718
3.179950,0.002522
3.199573,0.003040
3.219440,0.004019
3.239556,0.004307
3.259923,0.003797
3.279512,0.003985
3.299337,0.005385
3.319404,0.006820
3.339716,0.009258
3.359189,0.018289
3.379993,0.042343
3.399940,0.099345
3.418996,0.173690
3.439408,0.162501
3.458911,0.084600
3.479804,0.071419
3.499770,0.093967
3.519965,0.074763
3.539187,0.030669
3.559841,0.011794
3.579502,0.009169
3.599382,0.008555
3.619482,0.007726
3.639810,0.006950
3.659074,0.007093
3.679850,0.008287
3.699542,0.008811
3.719447,0.008942
3.739566,0.008914
3.759905,0.008646
3.779088,0.008772
3.799860,0.008376
3.819453,0.007734
3.839251,0.007571
3.859255,0.006941
3.879468,0.007044
3.899893,0.007843
3.919054,0.007760
3.939901,0.007522
3.959457,0.008179
3.979208,0.008990
3.999159,0.008206
4.019309,0.007324
4.039663,0.007346
4.058638,0.007458
4.079393,0.007382
4.098742,0.007358
4.119911,0.007324
4.139647,0.006631
4.159573,0.006243
4.179692,0.007477
4.198306,0.009736
4.218802,0.010157
4.239500,0.009980
4.258652,0.009853
4.279743,0.009772
4.299261,0.009674
4.318957,0.009597
4.338835,0.009143
4.358898,0.008585
4.379145,0.007932
4.399582,0.007073
4.418329,0.007560
4.439133,0.008703
4.458219,0.008656
4.479404,0.008590
4.498836,0.007983
4.518438,0.007251
4.538214,0.007788
4.558161,0.008869
4.578285,0.009365
4.598589,0.008771
4.619072,0.008010
4.639740,0.008893
4.658497,0.008565
4.679521,0.007181
4.698603,0.006580
4.719989,0.006953
4.739404,0.007723
4.758979,0.007198
4.778717,0.006102
4.798619,0.004366
4.818687,0.004231
4.838927,0.005843
4.859332,0.007617
4.879913,0.007458
4.898354,0.007283
4.919267,0.008549
4.938008,0.008990
4.959262,0.008927
4.978310,0.007792
4.999913,0.006372
5.019271,0.007810
5.038784,0.008269
5.058448,0.008159
5.078264,0.007984
5.098238,0.006901
5.118370,0.006321
5.138662,0.007058
5.159112,0.006971
5.179729,0.007144
5.197902,0.006696
5.218831,0.006009
5.239928,0.005964
5.258528,0.006391
5.279948,0.007387
5.298833,0.007763
5.317853,0.007039
5.339761,0.006941
5.359080,0.006566
5.378536,0.005337
5.398134,0.004638
5.417878,0.005552
5.437765,0.005701
5.457797,0.005503
5.477981,0.005907
5.498312,0.005713
5.518794,0.004687
5.539433,0.005038
5.557244,0.006039
5.578169,0.006250
5.599255,0.005280
5.617454,0.005225
5.638835,0.005368
5.657293,0.005488
5.678979,0.005153
5.697701,0.004598
5.719701,0.005195
5.738693,0.005615
5.757811,0.005412
5.777058,0.005070
5.799673,0.004791
5.819201,0.004408
5.838860,0.004288
5.858653,0.003843
5.878580,0.003477
5.898644,0.003827
5.918844,0.003728
5.939184,0.004178
5.959664,0.004288
5.976840,0.003924
5.997581,0.004291
6.018466,0.005337
6.039497,0.005773
6.057137,0.005443
6.078440,0.005251
6.099893,0.004337
6.117884,0.003279
6.139617,0.002228
6.157848,0.001475
6.179866,0.002467
6.198337,0.003221
6.216918,0.003615
6.239362,0.003978
6.258186,0.002099
6.277129,0.000962
6.296186,0.000467
6.319207,0.001680
6.338517,0.002540
6.357950,0.002779
6.377502,0.002744
6.397171,0.002275
6.416965,0.002195
6.436883,0.002011
6.456924,0.002795
6.477087,0.003428
6.497380,0.002470
6.517800,0.002170
6.538345,0.002556
6.559024,0.002403
6.579835,0.001594
6.596576,0.001188
6.617626,0.001719
6.638806,0.002670
6.655853,0.002344
6.677279,0.001681
6.698848,0.001922
6.716201,0.002438
6.738022,0.004091
6.759986,0.012762
6.777658,0.030554
6.799881,0.056079
6.817762,0.070157
6.835737,0.076637
6.858344,0.055650
6.876539,0.033582
6.899411,0.021335
6.917825,0.015991
6.936333,0.012436
6.959611,0.008634
6.978343,0.005616
6.997176,0.004044
7.016116,0.003171
7.039928,0.003381
7.059101,0.003017
7.078373,0.002002
7.097751,0.000000
7.117240,0.000000
7.136832,0.000000
7.156531,0.001246
7.176345,0.002230
7.196264,0.002222
7.216293,0.003758
7.236440,0.007736
7.256694,0.011744
7.277067,0.008855
7.297550,0.006129
7.318148,0.005597
7.338868,0.005742
7.359700,0.004763
7.375404,0.004172
7.396444,0.005787
7.417611,0.005818
7.438893,0.003312
7.454937,0.001599
7.476434,0.000459
7.498062,0.001465
7.519809,0.001509
7.536204,0.001690
7.558173,0.000776
7.574736,0.001190
7.596937,0.000000
7.619262,0.000000
7.636094,0.000000
7.658651,0.000000
7.675663,0.000961
7.698455,0.001846
7.715639,0.002312
7.738668,0.002654
7.756032,0.002045
7.779310,0.002664
7.796858,0.002084
7.814484,0.000000
7.838109,0.000000
7.855922,0.000000
7.879798,0.000000
7.897802,0.000000
7.915889,0.000000
7.934058,0.000000
7.958419,0.000000
7.976784,0.000000
7.995235,0.000000
8.019967,0.000000
8.038618,0.000000
8.057355,0.000000
8.076181,0.000676
8.095095,0.000000
8.114097,0.000000
8.139571,0.000000
8.158790,0.000000
8.178086,0.000000
8.197487,0.000000
8.216967,0.000000
8.236554,0.000000
8.256220,0.000000
8.275994,0.000000
8.295850,0.000000
8.315815,0.000000
8.335869,0.000000
8.356020,0.000000
8.376269,0.000000
8.396616,0.000000
8.417062,0.000000
8.437608,0.000000
8.458255,0.000000
8.479003,0.000000
8.499853,0.000000
8.513805,0.000000
8.534826,0.000000
8.555952,0.000000
8.577183,0.000000
8.598519,0.000000
8.619961,0.000000
8.634318,0.000000
8.655940,0.000000
8.677671,0.000000
8.699510,0.000600
8.714134,0.000420
8.736158,0.000025
8.758293,0.000000
8.773107,0.000000
8.795438,0.001269
8.817868,0.000000
8.832892,0.000000
8.855521,0.000000
8.878267,0.001505
8.893498,0.003345
8.916439,0.005238
8.939498,0.006066
8.954941,0.007372
8.978200,0.003008
8.993768,0.002238
9.017230,0.003197
9.032942,0.003785
9.056609,0.000636
9.072459,0.000000
9.096334,0.000448
9.112315,0.000000
9.136400,0.000000
9.152531,0.000000
9.176829,0.001003
9.193103,0.001530
9.217618,0.000000
9.234028,0.000000
9.258762,0.000000
9.275328,0.000000
9.291953,0.000000
9.316999,0.000000
9.333765,0.000000
9.359037,0.000000
9.375964,0.002264
9.392952,0.003515
9.418546,0.002666
9.435680,0.002827
9.452886,0.002455
9.478808,0.001730
9.496171,0.000000
9.513589,0.000000
9.539855,0.000000
9.557433,0.000000
9.575086,0.000000
9.592805,0.000000
9.619501,0.000000
9.637375,0.000000
9.655324,0.000000
9.673341,0.000000
9.691416,0.001876
9.718664,0.000000
9.736918,0.000236
9.755241,0.001620
9.773623,0.004308
9.792085,0.002408
9.819903,0.001040
9.838540,0.004296
9.857238,0.004777
9.876016,0.000000
9.894867,0.000000
9.913780,0.000000
9.932775,0.000768
9.951843,0.000088
9.970974,0.000000
9.999820,0.000000
10.019150,0.002535
10.038550,0.004440
10.058010,0.007033
10.077570,0.005845
10.097200,0.001065
10.116890,0.000000
10.136670,0.000000
10.156530,0.000000
10.176460,0.000000
10.196480,0.000619
10.216570,0.000000
10.236730,0.000000
10.256990,0.000000
10.277320,0.002258
10.297730,0.007691
10.318220,0.007239
10.338800,0.005542
10.359450,0.005236
10.369820,0.005755
10.390590,0.005351
10.411460,0.005773
10.432410,0.005567
10.453440,0.002787
10.474560,0.001907
10.495770,0.001832
10.517060,0.003453
10.538430,0.002462
10.559900,0.000000
10.570660,0.000000
10.592260,0.000000
10.613940,0.002694
10.635710,0.001785
10.657570,0.000000
10.679530,0.000000
10.690530,0.000000
10.712630,0.000280
10.734800,0.001003
10.757070,0.004021
10.779440,0.001652
10.790650,0.000795
10.813160,0.004143
10.835750,0.007926
10.858450,0.008263
10.869830,0.009699
10.892660,0.008415
10.915600,0.004631
10.938620,0.000000
10.950180,0.000000
10.973350,0.000000
10.996620,0.002292
11.020000,0.003686
11.031720,0.003341
11.055250,0.002414
11.078860,0.004416
11.090720,0.003008
11.114480,0.000000
11.138360,0.002687
11.150340,0.004054
11.174370,0.006531
11.198510,0.008221
11.210610,0.010656
11.234910,0.009697
11.259300,0.008277
11.271540,0.007026
11.296090,0.003340
11.308420,0.002924
11.333130,0.002610
11.357960,0.005281
11.370410,0.004597
11.395400,0.000000
11.407930,0.000000
11.433090,0.000000
11.458360,0.002038
11.471030,0.004241
11.496470,0.005808
11.509230,0.003575
11.534840,0.004195
11.547680,0.002644
11.573460,0.001889
11.599350,0.006158
11.612340,0.004793
11.638410,0.002598
11.651480,0.006017
11.677730,0.008123
11.690890,0.005681
11.717310,0.007728
11.730560,0.007954
11.757170,0.002062
11.770510,0.002017
11.797290,0.003199
11.810730,0.001548
11.837700,0.004413
11.851220,0.006372
11.878370,0.004363
11.891990,0.002220
11.919330,0.002047
11.933050,0.004135
11.946790,0.005563
11.974380,0.004669
11.988220,0.007068
12.016010,0.008026
12.029940,0.009042
12.057930,0.008401
12.071960,0.005302
12.086040,0.007316
12.114270,0.007114
12.128450,0.005753
12.156870,0.003158
12.171150,0.002344
12.199780,0.007740
12.214160,0.007544
12.228560,0.002958
12.257470,0.000000
